Reservations Temperature Tourists Pizzas
13            33         9        52
2             16         6        17
14            32         3        46
23            25         9        70
13            23         8        43
13            51         9        60
1             27         7        23
18            16         2        43
7             34         3        28
10            22         3        31
26            17         7        65
3             21         1        15
3             12         4        15
21            26         2        59
22            15         4        52
2             21         7        22
27            18         3        68
6             26         8        34
10            20         6        30
18            25         9        56
15            21         10       50
9             22         7        36
26            20         2        68
8             21         1        25
15            12         7        38
10            14         9        30
21            19         4        56
5             20         3        19
6             18         3        19
13            23         4        41
