Reservations Temperature Tourists Break-even
13            33         9        1
2             16         6        0
14            32         3        1
23            25         9        1
13            23         8        0
13            51         9        1
1             27         7        0
18            16         2        1
7             34         3        0
10            22         3        0
26            17         7        1
3             21         1        0
3             12         4        0
21            26         2        1
22            15         4        1
2             21         7        0
27            18         3        1
6             26         8        0
10            20         6        0
18            25         9        1
15            21         10       1
9             22         7        0
26            20         2        1
8             21         1        0
15            12         7        0
10            14         9        0
21            19         4        1
5             20         3        0
6             18         3        0
13            23         4        1
